   1         "t+ay"    2    2.573867   6.262613   5.775613
   2         "t+eh"    6   21.961740  20.114496  18.884939
   3         "t+ih"   18  160.121246  66.056343  34.841995
   4         "t+oh"    2    3.033350   5.773312  10.240583
   5         "t+uw"   78  376.783142 205.699692 134.281891
   6         "t-iy"   16  100.759293  88.288597  98.446243
   7       "d-eh+s"   16   42.953636  46.131592  68.747284
   8         "t-th"    2    8.808103  31.723316  26.332851
   9       "l-f+th"    2    9.103942   3.588376   2.039410
  10         "t-uw"   78  160.922134 207.499329 556.560974
  11           "ah"    8   27.230478  43.107357  75.706787
  12           "ax"    2    1.999978   2.008820   2.000344
  13           "ay"   28  164.492935 219.428482 288.354065
  14           "ea"    5   51.066437  39.931454  92.087410
  15           "ow"    2    8.020713   2.001040  80.814507
  16           "sp"  850  9955.907227
  17      "jh-ih+l"    4    3.999802   5.000427   5.112445
  18         "ax+n"    6   12.452032   6.023020   6.960069
  19         "ax-l"    6    6.879134  10.839172  44.850735
  20         "ax-n"   24   61.237942  70.477135  97.899986
  21         "ax-r"    2    5.100956   1.999953   1.999953
  22         "ax-s"    2    7.135188   3.513222   9.453647
  23      "ax-m+iy"    4    4.844512   5.153724  14.001612
  24         "ay-n"    2   14.593010   5.686112  11.755472
  25         "ay-t"    2   18.221474  13.182868  11.674554
  26         "ay-v"    2    2.005406   8.034697  17.967016
  27     "ey-jh+ih"    4   17.105310   6.878304   5.207633
  28       "n-f+er"    2    6.041864   6.991886   6.387975
  29       "f-eh+b"    4    8.999631  16.319447  40.723526
  30      "f-ao+th"    2    7.001684  25.509054  24.144566
  31      "y-ah+ng"    2    2.014200   5.659942  55.949188
  32       "m-b+ax"   18   26.099014  37.345062 113.613335
  33       "k-s+th"    8   10.716945  23.084270  92.119019
  34         "l+ah"   14   74.636139  73.036499  19.917868
  35         "l+ao"    2   13.696151  19.185835   2.000148
  36         "l+iy"    2   30.122366   2.000882   1.999993
  37         "l+oh"    4   12.630542  19.996454   4.999988
  38         "l+uw"    2   15.739320  24.149065   2.001153
  39      "aa-t+ih"   22   40.426605  22.606464  22.099739
  40      "er-t+ia"    6   18.709257   9.499969  11.459696
  41      "er-t+iy"    8   32.844509  14.067858  27.113737
  42         "l-ao"    2    2.000546  74.790062  21.238394
  43         "l-ay"    4    6.187447  53.898750  55.231457
  44         "l-iy"    4   52.873512  27.385021  47.966125
  45      "jh-ae+n"    6   10.019333  11.917640  55.154819
  46        "aa-ch"    4   49.936150  35.940338  44.113800
  47        "k-s+t"    8    9.072695  21.306135  34.627151
  48        "th+aw"   32  151.525421 211.821960  64.092422
  49        "th+er"   18   73.411507 116.971642  57.597263
  50       "g-ah+s"    2   12.383361   3.509069  11.958075
  51      "ih-s+eh"    8   22.104660  19.343500  62.720135
  52       "f-er+m"    2    4.522221   4.094142  43.079567
  53       "f-er+s"    4    7.999599   8.611676  46.385902
  54       "d-ey+t"    8   16.665232  27.369818  83.571457
  55       "d-ey+v"    2    4.029021   7.395550  58.592331
  56       "k-ih+t"   18   43.375317  47.781246 162.807526
  57      "uw-iy+z"    2   11.571333   5.814143   1.999958
  58        "n-d+t"    4    5.998002   4.963458  13.794179
  59         "d+eh"   16   49.238834  35.632404  58.723442
  60         "d+ey"   10   13.907104  12.524571  17.647102
  61         "d+ih"   34   43.151787  49.032089 396.949677
  62       "v-n+th"    4   13.708848   7.999267   7.986289
  63      "k-oh+ng"   10   48.760399  99.019966  51.340759
  64         "sh-n"   16  162.594772  41.581512  40.581287
  65       "k-ae+b"    4    5.999864   6.340800  47.554684
  66       "l-eh+v"    4    4.932381  13.485706  22.563526
  67      "ih-k+ih"   18   60.353790  48.179161  34.342697
  68      "ih-k+oh"    4   25.064661  14.999904   9.000017
  69        "jh+ae"    6   16.285141  16.549757  38.865532
  70        "jh+uw"   12   44.386395  32.591797  39.081238
  71      "ay-r+ow"   10   23.546713  22.923603 109.006065
  72       "b-y+ua"    4    4.014826   4.984887  10.093954
  73       "t-w+eh"   22   29.401241  25.129213  24.234625
  74      "uw-l+ay"    4   13.826403   9.400780   5.247562
  75      "uw-l+ia"    2    8.983713   2.149607   1.999999
  76       "z-n+ax"    2    1.999967   2.000918   2.000015
  77      "uh-r+iy"    6    9.351529  18.983292  41.928783
  78       "k-t+ow"    8   34.999222  23.948256  12.052437
  79         "m+aa"    4   11.379602  19.697857  11.924422
  80         "m+ay"   16   52.268494  50.254951  31.382433
  81         "m+ey"    6   15.200440  22.701305  27.295948
  82       "d-y+uw"    2    2.623505   1.999956   1.999956
  83         "m+oh"   10   20.203644  52.343536  26.535700
  84         "m-ay"   16   45.169781  90.641983  94.390160
  85       "aw-n+d"    4    8.002398   5.005358   4.994968
  86       "b-oh+t"    2   11.003746  12.598033   6.068462
  87         "m-ey"    6   13.999547  20.277925 151.715851
  88         "m-iy"    4   15.005479  10.994317   6.947320
  89       "s-ih+d"    4   11.530665   9.700131  26.769339
  90       "s-ih+k"   16   47.601894  60.612934  59.072548
  91       "s-ih+t"    4   11.973469  11.001241  21.997862
  92       "k-ax+n"    8   17.047806  27.955835  14.524579
  93       "k-ax+r"    2    3.865529   1.999974   1.999984
  94       "k-ay+r"   10   31.504494  37.103683  70.577484
  95      "ih-t+er"    4   15.999882   9.999911  10.991763
  96      "ih-t+iy"    4    7.999753   4.999731   7.415125
  97       "r-eh+k"    2    2.000029   7.281495   8.647325
  98       "s-k+ow"   10   30.886681  28.623800  20.458334
  99      "eh-n+th"    4   28.855850  12.698072   7.000535
 100      "iy-n+th"   18   63.685909  25.125999  26.235575
 101       "n-ey+m"    4    6.000000  12.988950  43.055199
 102       "k-l+aa"   10   21.402157  25.045612  25.580254
 103        "d-t+r"    4   11.687072  21.633141  16.923700
 104       "aw-z+n"   32   78.699516  38.669735  35.808968
 105       "t-eh+m"    4   10.005377  15.124387  18.875463
 106       "t-eh+n"    6   14.952872  15.949067  65.079742
 107         "th+r"    2    4.937648  20.296026   2.360622
 108      "ow-v+eh"    6    7.928793   6.345330  12.032784
 109      "ih-l+eh"    4    8.128408   7.633983  32.436665
 110      "ih-l+iy"    4   11.804657  17.722563  25.357061
 111      "ao-t+iy"    4   21.597744   7.360945  16.209236
 112      "th-r+iy"    2    7.172887   5.869644  25.912247
 113       "v-eh+m"    6   15.010223  39.997711  25.255178
 114       "s-iy+k"    2    5.003227   6.856441   2.001011
 115       "s-ao+s"    4   20.417013  55.768169  13.065586
 116       "t-er+n"    4   11.007277  11.130857  33.883812
 117       "s-t+ih"   16   57.189857  29.745054  20.851624
 118       "s-t+iy"   10   37.298222  28.694183  39.034676
 119        "ch+ey"   12   17.570736  63.040688  62.717480
 120        "ch-ax"    4    9.317879  18.500935   5.175712
 121         "n+ay"   20   53.402172 121.283119  52.312546
 122         "n+ey"    4   29.122343  27.052151   6.945993
 123         "n+ow"   16   35.206535 107.175064  35.331741
 124       "w-ah+n"    4    6.006020  17.015985  52.964386
 125         "n-iy"    4   11.015976  37.202015  45.599213
 126         "n-jh"   12   55.131229  20.757263  37.428120
 127         "n-ow"   10   61.593895  54.243809 166.801514
 128         "n-th"   32  104.328255 389.166595 630.016724
 129       "n-y+uh"    6    6.977201  10.012403  19.989565
 130       "n-y+uw"   12   22.175287  38.589931  48.891850
 131       "b-r+ay"    4    4.013373   6.842124  35.886276
 132       "l-oh+s"    4    5.998899  16.000214   7.999604
 133       "d-r+ia"    4   11.001500  13.076766  12.902718
 134         "f+ao"    8   59.740528  67.152153  26.149263
 135         "f+ay"    2    6.997990  18.467049   8.631542
 136         "f+eh"    4   18.920414  35.213047  10.765139
 137         "f+er"    4   17.851568  28.607826   8.332397
 138         "f+ih"   18   77.105446 143.702530  38.931507
 139       "y-ao+k"   12   34.379711  73.686302  54.614479
 140         "f-th"   12   37.597569 136.686325 295.913635
 141       "z-er+v"    4   12.858928  22.173594  43.021297
 142         "uh-d"    2    2.823859   2.237214   7.026349
 143         "uh-k"    4   15.716572  12.775367  29.215477
 144         "w+ah"    4    7.000094   4.998934  31.994150
 145         "w+eh"    2   45.822578   1.999999  13.804510
 146         "w+ey"    2    1.999997   1.999997   9.747651
 147       "f-r+oh"   28   32.580482  40.014019  63.425831
 148         "w+oh"   28   73.490540 113.328979 207.447067
 149         "w+uh"    2    2.822004   4.747618  10.154970
 150      "ia-r+ow"    2    1.999946   2.056300  39.422695
 151         "w-ey"    2    7.298536   3.990697  21.011988
 152        "sh+ao"    2    1.999998   1.999998  35.978863
 153          "b+r"    4   12.000138  16.005848   6.028228
 154      "m-aa+ch"    4   15.911599  10.972723   7.241368
 155       "r-oh+m"   28   54.535656 186.692184  83.600914
 156          "d+y"    2    2.000000   2.000033   2.591219
 157      "ae-n+jh"    4   11.831602  15.198762   3.999802
 158       "n-ow+v"    6   20.053411  14.734640  40.754284
 159          "f+r"   28   90.086205 258.928436  82.056168
 160      "ay-ax+n"    4    9.348932   5.516429   7.877573
 161      "t-ih+ng"   22   24.448877  25.408625  51.421513
 162         "uw-k"    2   16.982517   6.141488  20.212410
 163         "uw-n"    6   46.580929  31.042820  18.628033
 164         "ea+r"    3   32.025047  35.446842  44.581745
 165         "ea-r"    3    4.964860   3.999911   2.999930
 166       "t-oh+m"    2    7.936429  33.572968   5.208043
 167          "k+l"   10   22.066347  34.990170  23.983921
 168          "k-s"    2    2.873263   2.600640  43.498898
 169          "k-t"    2    7.761021  15.134754  10.339828
 170      "ay-l+ax"    2    3.746240   4.889400  13.988702
 171          "l-v"    2    1.999997   2.006963  35.643112
 172          "n+y"   12   28.716787  38.072269  17.705112
 173          "n-d"   70   83.917976 108.142838 212.438477
 174          "n-t"   30   61.337257 153.128113 108.333519
 175      "r-ay+ax"    4    9.237037  37.567741  36.525394
 176          "p+l"    2    2.000000   6.014703   5.981901
 177       "s-m+ih"    2    9.217161   2.001642   9.532969
 178         "eh-n"    4   30.624960  21.298185  30.334572
 179         "eh-s"    2    8.002072   5.619627  37.901535
 180       "r-ow+b"    2    3.312045   1.999987  18.689325
 181        "ih-ng"   26  215.666412 116.869186 101.580467
 182          "s+m"    2    4.088722   7.094221  18.816669
 183          "s+t"    2    2.609389   7.184813  13.348564
 184          "s-t"    6   23.107075  21.705004  51.070419
 185        "ih-th"    2    8.239348  24.231514  20.760296
 186          "t+r"    2   12.999077   8.139503  12.857163
 187          "t+w"   22   95.217613  43.645733  30.682142
 188          "sil"  588  7963.788574 9955.907227 3939.959229
 189        "z-n+d"   32   48.690784 133.035309  47.498947
 190       "b-ih+n"    4    4.832049  11.168063  19.001331
 191       "b-ih+z"    2    2.989433   8.870163   3.136236
 192          "v-n"    4    6.076654  23.064905  24.255445
 193       "t-ow+b"    8   24.237509  15.389784  93.311882
 194        "iy-ow"    8   32.509293 113.257423  20.180777
 195      "ih-n+ey"   16   27.166494  54.879559  26.556433
 196         "er-d"    4   16.999590   7.000151  71.370575
 197         "er-m"    2    8.777883  22.148441  11.981570
 198         "er-n"    4   17.000937  23.919977  10.341059
 199         "er-v"    4    9.935558  13.734005  38.790680
 200       "d-ih+p"   26   68.542114  54.782024  42.463238
 201       "d-ih+s"    8   22.397202  17.484146  12.789600
 202       "p-r+ax"    6   11.640927  12.523748  15.133051
 203         "ey+d"    4   19.231392  19.456879  55.885654
 204         "ey+p"    6   32.630745  27.170849  54.657436
 205         "ey+t"   16   62.108120  78.816048 212.062607
 206      "th-aw+z"   32   85.319321 120.087646 565.087646
 207         "ey-m"    4   10.955824   5.999742  14.312138
 208         "ey-t"   10   65.081352  56.612247  60.630142
 209         "ey-v"    2    1.999981  14.425162  27.568453
 210      "jh-uw+l"    6   11.168045  16.823055  44.423683
 211      "jh-uw+n"    6   12.951607  17.118908  93.688622
 212       "f-ih+f"   16   31.155008  46.732174  85.514893
 213       "f-ih+l"    2    2.990792   6.466326  28.992594
 214         "p+ae"    4    8.709315  18.293026  18.999571
 215      "ih-f+th"   10   58.610771  26.208368  17.052954
 216       "t-r+ih"    6    7.005023   7.311434   6.075559
 217      "n-ey+sh"   16   26.482195  54.441322 136.147049
 218       "ay-n+t"   12   60.317982  12.918134  14.734025
 219       "l-ia+n"    2   32.705448  14.281713   2.054100
 220      "ua-r+iy"    4    6.286848   4.000435   4.000256
 221      "t-ia+th"   14   79.031410  91.109695  60.881241
 222       "ey-d+r"    4   16.815470   6.582258   6.021652
 223      "oh-n+ax"    4    4.525037   7.999951   4.038859
 224       "f-ao+r"    2    7.052531  45.906040  24.005892
 225       "f-ao+t"    4   15.999457  28.263868  29.136044
 226       "d-ax+n"   14   19.366350  55.259018  75.581451
 227      "ch-ey+n"   12   26.795065  29.151009  58.082546
 228         "y+ah"    2    6.575887  18.528774   4.581771
 229         "y+ao"   12   18.006168  28.100941  59.194118
 230         "y+ea"    2    6.030152  29.587278  12.452117
 231         "y+eh"    2    6.747775  33.741169   3.898594
 232       "f-t+iy"    6   14.209508  15.022866  30.197205
 233         "y-ea"    2    1.999994   1.999996  43.942680
 234         "y-uw"   12   20.795944  18.554138  49.454224
 235        "oh-ng"   10   25.448900  59.151962  14.470084
 236       "l-aa+n"    2    1.999954   2.021769   2.002141
 237       "l-aa+s"   10   47.017181  84.403175  21.596483
 238        "ia-th"   14   55.625153 143.439499 241.261185
 239      "ax-r+eh"    2    2.136191   4.147487   2.913532
 240       "ey-p+r"    6   37.420425  23.950638  22.277639
 241       "f-ay+v"    2    6.153858  28.651073  25.159697
 242         "oh+k"    8   42.521801  21.125290  21.432283
 243         "oh+n"   22   68.556450 225.437515 102.542000
 244         "oh-m"   30   47.423027 116.511559 100.131424
 245         "oh-n"   22   50.497227  39.238155  58.858265
 246         "oh-s"    4   12.997973  12.568765  16.430941
 247         "oh-t"    2   16.922806   9.556400  12.481576
 248       "l-ah+n"   14   15.490021  21.032854  66.208260
 249       "r-ia+n"    4   15.122213  11.114034   8.764257
 250      "ey-t+iy"   12   63.570396  33.898640  65.560844
 251      "ey-t+th"    2    1.999999   1.999999   2.000164
 252       "iy-k+s"    2    5.095881   3.031744   1.999969
 253       "l-iy+z"    4    3.999794   4.004871   5.994583
 254      "ay-n+th"    6   25.675591   9.958852  10.020171
 255       "p-aa+t"   22  120.458420 161.598450  90.497551
 256       "y-ua+r"    4   44.816162  24.075823  23.722485
 257       "w-uh+d"    2   45.203259   9.861251  35.936554
 258       "r-ih+p"    6    7.451856  14.082418  32.794769
 259       "r-ih+s"    4    4.953020   3.999904   4.999904
 260       "r-ih+t"    4    5.844832   7.999404  11.001350
 261       "r-ih+z"    4    5.991755   7.007899  26.580589
 262      "ao-eh+n"    2    1.999998   2.000782   3.895309
 263        "v-n+t"   10   28.867313  44.668026  21.003569
 264       "p-ae+r"    4    3.999909   6.003705  44.346920
 265       "ae-n+d"   32   72.718529  93.091805  44.053055
 266       "ae-n+y"    6   13.951039  10.956002   6.020918
 267      "ao-g+ah"    2    2.001857   2.001817   2.002150
 268       "y-uh+r"    6   11.878072  36.208416   9.587571
 269       "t-ih+k"   18   34.787846  53.930019  45.392139
 270       "t-ih+n"   16   24.211420  39.297550  52.699718
 271       "l-ax+r"    2    1.999984   2.000128  26.935722
 272       "n-t+ia"    8    9.074513  10.191143  34.822792
 273       "n-t+iy"   32   39.118679  74.838455 137.382858
 274       "s-eh+k"    6   20.987127  17.085297  26.690722
 275       "s-eh+m"    8   24.072498  31.048286  43.874825
 276       "s-eh+p"    4   11.999999   9.000000   4.000000
 277       "s-eh+v"   14   47.351318  37.000412  47.394806
 278      "ih-p+aa"   26  107.056763 100.306717  99.754013
 279         "z+ia"    2    9.530178   2.014624  19.427200
 280       "n-ax+m"    4    5.680796   8.291770   5.988458
 281       "n-ax+s"    2    3.339365   7.541595   1.999937
 282       "p-t+eh"    4   18.052155  14.568325  12.426297
 283        "ao-th"    2   14.816586  23.946259  39.581085
 284      "b-ey+jh"    4    3.999923  11.991502  50.901947
 285       "n-ay+n"   20   67.317787 159.094910 113.283035
 286     "aa-ch+ax"    4    6.822749  12.006357  15.003576
 287      "p-aa+ch"    4   25.653446  19.074163   8.169442
 288        "hh+oh"   10   28.935728  57.189884  25.846745
 289       "z-ia+r"    2    8.264633   1.999986   1.999947
 290       "y-uw+k"    2    1.999956   1.999971  34.063358
 291      "ey-sh+n"   16   46.605923  44.185726 167.166763
 292         "r+aw"    4   33.718163  15.413053   5.358577
 293         "r+ay"    2   31.339592   4.684801   1.999938
 294         "r+ih"    8   32.597622  23.391932  37.560795
 295         "r+iy"    8   52.376053  59.862373  28.148392
 296         "r+ow"    2   32.977753   5.003909   1.999999
 297       "w-eh+l"    4    7.977496   8.908527  10.758274
 298       "w-eh+n"   18   26.863289  55.171944  66.476372
 299       "w-eh+z"    2    6.121714   2.001431   8.947129
 300       "ah-n+d"   14   49.366943  69.929810  24.145737
 301       "t-iy+n"   58  694.751465 195.270737  97.040367
 302       "t-iy+v"    2   38.447460   6.513439   2.431870
 303         "r-iy"   12   51.696964  46.554691  49.810612
 304         "r-ow"   12   53.342918  99.630943  26.804785
 305       "eh-b+y"    4   11.408850   4.545808   4.000187
 306      "m-ih+th"    2    2.002519   4.717582  32.389271
 307       "p-l+aa"    2    7.985658  10.690315  29.313917
 308       "er-s+t"    4   20.999107  12.397600  22.389576
 309       "r-aw+n"    4    4.666038   4.925048  30.822809
 310       "r-ax+l"    6    7.770565   6.636663   7.181049
 311       "ah-s+t"    2    9.219648   5.334653  13.141674
 312       "r-ay+t"    2    1.999938   3.974621  14.919219
 313     "jh-ih+ng"    4    9.834855   9.800174  14.921427
 314       "y-eh+s"    2    2.000187   5.992927  10.983317
 315       "k-oh+n"    4   17.038029  22.072250  11.364247
 316       "n-d+ax"   14   21.899046  16.729244  16.921383
 317      "ng-k+oh"   10   28.046965  32.055489  29.634224
 318      "oh-ng+k"   10   22.357649  14.401110  12.607369
 319       "eh-k+t"    2   12.008722   6.209154   2.546240
 320       "eh-l+f"    2    1.999964   1.999976  45.291908
 321       "eh-l+v"    2    1.999998   1.999998  49.036469
 322       "t-ay+l"    2   10.578623   8.472583  28.871632
 323       "eh-m+b"   18   38.737564 113.664009  55.249680
 324       "eh-n+t"   18   42.062527  65.293236  31.643616
 325       "m-oh+s"   10   34.649513  51.104393  24.772226
 326       "eh-p+t"    4    6.999982  12.989579   7.958264
 327       "ih-d+n"    4   10.970474   7.026731   5.001574
 328       "eh-s+t"   16   56.012932  45.977264  94.231003
 329       "ih-f+t"    6   32.149677   8.349125   8.719927
 330      "eh-k+ax"    6   31.202076  14.136073  14.864794
 331       "eh-v+n"   18  143.680939  60.791759  35.573944
 332      "ow-b+ax"    8   33.313358  21.006416  55.784603
 333      "ow-b+oh"    2    8.014045   3.002567   1.999992
 334       "d-n+iy"    4   17.995222  13.004652  10.998641
 335         "b+ay"    6   51.777973  12.006463   7.002903
 336         "b+ey"    4   26.433636   6.999845   3.999923
 337         "b+ih"    2    2.004051   3.001642   2.000000
 338         "b+uh"    4   29.617493  15.412543   6.000019
 339     "hh-oh+ng"   10   23.912056  32.401440  42.649143
 340       "ih-k+s"   16   55.485989  29.214165  18.083670
 341         "b-ax"   26   39.746635  30.439512 214.742416
 342         "b-ay"    6   12.281997  62.972244  69.197968
 343       "eh-z+l"    2   10.582696  15.765762   7.731515
 344       "ax-n+d"    6   15.938327  26.037304  47.260899
 345       "ax-n+f"    2    2.000073   1.999981   2.884321
 346      "ae-r+ih"    4    6.545546   8.699931  61.448067
 347         "s+ao"    4   11.999866  13.642047  37.356319
 348         "s+eh"   24   58.060352  95.174294 239.625137
 349         "s+ih"   24   75.433731  82.170616 256.907501
 350         "s+iy"    2    6.054595   7.855153  36.167805
 351         "s+uw"    2    3.896378   5.260068  27.076984
 352       "b-uh+k"    4   22.999128  13.001563   9.281495
 353         "ia-n"    6   45.364746  19.788115  32.677246
 354         "s-th"    8   60.961643 122.914337 118.959526
 355         "s-uw"    2    4.817923   5.061420  76.937073
 356        "ah-ng"    2    1.999979  28.922812   2.001586
 357       "aa-n+t"    2    7.048116   6.163536   6.178125
 358      "ih-z+er"    4   15.413292   6.005147   6.009546
 359       "z-l+iy"    2    5.201649   5.977208   2.004014
 360         "ih+k"    4   16.391706   9.098706  15.981031
 361         "ih+l"    4   15.132917   9.828998  24.010798
 362         "ih+z"   18   48.627483  44.215324 206.367950
 363         "ih-l"    2    2.005762   2.093840  37.389744
 364         "ih-n"    4   12.995008   6.002365   4.999885
 365         "ih-p"    6   25.407766  46.999168  32.659397
 366         "ih-s"    4   15.999654  11.606735  38.079880
 367         "ih-t"   18   86.990036  63.767319  67.652100
 368       "ih-z+n"    2    8.715220  10.274008   6.035629
 369         "ih-z"   18   88.844345 153.975296  88.224609
 370         "k+ae"    4   17.500870  12.832976  13.492676
 371         "k+ax"    4    9.932120  14.952204  19.046587
 372         "k+ay"   10   56.361389  34.224663  43.470867
 373     "sh-ao+eh"    2    7.333200  47.734013   3.949720
 374      "ey-n+jh"   12   27.433723  16.525414  12.918265
 375         "k-ow"   10   27.097694  42.308842 121.574516
 376         "aa-s"   10   33.368027  36.173435 169.251663
 377       "oh-k+t"    8   38.286232  24.757734   9.002935
 378       "oh-n+t"   28   35.298111  31.984627  38.671490
 379         "ae+n"   42  182.333496 182.809067 208.530869
 380         "ae-n"    6    7.039607   6.270803  14.788413
 381       "w-oh+n"   28  107.909401 107.598038  86.860954
 382      "ae-b+ih"    4    9.103474   3.999929   3.999929
 383      "th-er+d"    4   14.905766  22.939592  74.057365
 384      "th-er+t"   14   50.465797  61.665932 143.794983
 385         "ah-n"    4   26.651474   9.319194  20.015997
 386        "dh+ax"   12  276.919891  97.703377  59.710361
 387       "oh-s+k"   10   27.774143  26.522173  53.196663
 388      "l-uw+iy"    2    1.999951   2.000069  12.727500
 389        "dh-ax"   12  280.375793 108.363045  19.939554
 390         "iy-n"   40   60.807995 169.548569 315.524628
 391         "iy-v"    2    1.999940   4.669812  29.935865
 392         "iy-z"    6   21.999563  72.766350  50.259018
 393      "r-iy+ow"    8   62.818115  14.098104  13.263659
 394         "ao+g"    2   13.575849  19.744076   6.331204
 395         "ao-k"   12   75.322731  41.964592 110.619904
 396         "ao-r"    2    7.031419   1.999957   2.000585
 397         "ao-s"    4   16.746361  10.790015  42.464222
 398      "n-jh+ih"    4    3.999802   3.999802   4.999721
